player	player_id	position	team_name	player_game_count	batted_passes	declined_penalties	franchise_id	grades_pass_rush_defense	hits	hurries	pass_rush_opp	pass_rush_percent	pass_rush_win_rate	pass_rush_wins	penalties	prp	sacks	snap_counts_pass_play	snap_counts_pass_rush	total_pressures	true_pass_set_batted_passes	true_pass_set_hits	true_pass_set_hurries	true_pass_set_pass_rush_opp	true_pass_set_pass_rush_percent	true_pass_set_pass_rush_win_rate	true_pass_set_pass_rush_wins	true_pass_set_prp	true_pass_set_sacks	true_pass_set_snap_counts_pass_play	true_pass_set_snap_counts_pass_rush	true_pass_set_total_pressures
Kris Abrams-Draine,124194,CB,MISSOURI,11,1,12.6,47.2,99.5,13.9,6.6,0,0,11,20.8,229,71.5,74.4,85.5,56.0,82.4,84.1,0,80,6.3,2,9,4,98.5,25,364,366,9,29,53,4,406,206,1.2,16.2

Terrion Arnold,146603,CB,ALABAMA,9,6,16.2,53.8,99.1,10.5,5.7,0,2,11,21.2,103,73.1,73.1,41.0,56.0,74.0,76.5,1,43,8.6,3,7,4,82.5,28,314,317,6,26,52,2,383,71,1.3,13.7

Beau Brade,129499,S,MARYLAND,12,5,8.9,64.7,97.5,18.1,11.7,0,1,6,17.6,215,82.7,74.8,21.4,55.0,63.7,60.2,2,56,11.1,4,5,2,73.5,22,432,443,4,27,34,1,263,137,0.7,12.0

Jarvis Brownlee Jr.,99734,CB,LOUISVILLE,9,1,15.9,48.4,99.2,16.3,7.9,1,0,4,12.9,210,77.1,77.1,83.4,58.7,75,77.2,1,46,6.7,1,3,2,80.6,15,260,262,4,13,31,2,224,30,0.9,14.9

Javon Bullard,146726,CB,GEORGIA,11,2,6.3,63.9,95.5,12.5,8.0,0,0,4,11.1,173,81.9,81.0,88.6,69.6,70.2,81.0,0,34,9.1,2,3,1,89.7,23,300,314,14,18,36,2,137,126,0.5,6.0

Calen Bullock,146424,S,USC,12,6,13.1,62.5,99.6,27.7,17.3,0,0,3,12.5,326,89.0,83.2,42.8,57.2,56.4,87.6,5,47,3.2,1,3,4,96.4,15,449,451,5,24,24,4,243,114,0.6,16.2

Caelen Carson,123377,CB,WAKE,11,1,10.4,56.3,98.3,9.4,5.3,0,1,7,10.9,339,71.7,73.7,47.2,52.9,83.4,68.2,0,41,18.2,6,4,2,98.2,36,349,355,7,26,64,4,436,146,1.3,12.1

M.J. Devonshire,98832,CB,PITTSBURGH,12,1,13.5,53.3,98.8,11.6,6.2,0,2,9,15.0,268,73.9,75.3,85.5,51.3,78.6,86.1,2,61,3.3,1,6,2,82.6,32,395,400,4,28,60,4,400,111,1.1,12.5

Marcellas Dial,146902,CB,S CAROLINA,12,5,12.4,55.8,99.6,14.9,8.3,1,2,11,21.2,289,78.2,79.1,87.2,86.8,70.7,72.2,0,51,10,3,7,3,94,29,449,451,8,22,52,2,407,136,0.9,14

Renardo Green,99773,CB,FLORIDA ST,12,2,10.6,53.7,97.1,10.7,5.8,0,0,12,22.2,167,82,79.2,45.4,66.9,61,73,1,22,6.7,2,9,6,78.4,29,330,340,7,26,54,3,269,99,0.9,9.3

Carlton Johnson,86963,CB,FRESNO ST,12,3,11,55.1,98.4,10.6,5.8,1,1,9,13,169,77,73.3,0,58.8,61.9,57,4,84,16.7,6,7,4,76.2,38,429,436,6,27,69,4,548,238,1.4,14.4

Isaiah Johnson,106073,CB,SYRACUSE,12,3,12.5,66.7,98,12.1,8.1,1,2,9,17.6,304,78.1,80.5,87.2,63.8,83,83.3,1,62,7.7,3,6,4,108.7,34,434,443,14,33,51,4,405,120,1,11.9

Kamren Kinchens,143946,S,MIAMI FL,12,4,7.5,57.1,97.9,30.0,17.1,0,0,4,19.0,220,90.7,90.0,51.7,60.8,71.3,56.4,6,66,18.9,7,4,2,85.7,12,376,384,6,26,21,2,221,143,0.6,18.4

Kamari Lassiter,146727,CB,GEORGIA,8,0,17.9,64.3,100.0,8.3,5.4,0,0,2,14.3,173,75.0,75.4,80.6,,70.7,83.7,1,36,0.0,0,2,0,76.8,9,77,77,3,8,14,0,171,20,2.3,19.0

Kool-Aid McKinstry,146602,CB,ALABAMA,8,3,11.8,53.8,97.5,20.7,11.2,0,0,2,15.4,103,72.3,75.1,82.6,68.8,78.8,85.0,1,27,0.0,0,1,0,74.2,7,157,161,1,3,13,1,105,49,0.7,15.0

Quinyon Mitchell,130628,CB,TOLEDO,12,0,12.0,57.1,97.9,10.7,6.1,1,2,7,16.7,316,73.2,77.7,84.2,97.0,64.7,78.2,0,42,10.7,3,5,3,87.2,24,277,283,5,25,42,1,298,118,1.2,12.4

Josh Newton,84268,CB,LA MONROE,12,2,14.4,50.0,96.8,11.8,5.9,1,0,14,23.3,209,78.8,76.9,48.6,72.8,64.6,54.1,2,56,14.7,5,7,2,86.2,30,363,375,11,27,60,4,492,181,1.4,16.4

Kitan Oladapo,83349,S,OREGON ST,12,8,9.4,56.3,96.3,22.4,12.6,0,1,7,21.9,265,78.0,74.2,88.7,63.7,64.7,67.6,0,20,6.3,2,6,1,88.0,18,420,436,9,22,32,2,140,98,0.3,7.8

Kitan Oladapo,83349,S,OREGON ST,12,4,7.9,63.9,95.5,18.3,11.7,0,0,4,11.1,265,72.8,77.0,88.7,85.4,74.8,85.2,0,38,5.9,2,4,2,95.0,23,444,465,9,28,36,1,263,141,0.6,11.4

Deantre Prince,98888,CB,OLE MISS,12,5,16.5,60.0,100.0,14.9,8.9,0,0,4,11.4,226,80.2,78.5,85.4,,61.7,78.4,2,37,0.0,0,3,2,74.8,21,333,333,5,25,35,1,311,57,1.0,14.8

Deantre Prince,98888,CB,OLE MISS,12,5,12.8,43.5,100.0,19.3,8.4,0,1,10,21.7,226,72.0,73.1,52.0,55.5,77.5,79.7,1,36,9.7,3,8,2,79.3,20,403,403,4,23,46,4,233,72,0.6,11.7

Deantre Prince,98888,CB,OLE MISS,12,0,14.7,56.1,98.3,16.6,9.3,0,2,7,17.1,226,76.6,77.8,86.2,70.5,75.4,72.3,1,51,9.5,2,5,3,88.2,23,401,408,9,19,41,2,327,76,0.9,14.2

Josh Proctor,83864,S,OHIO STATE,8,4,8.3,76.9,96.9,9.2,7.1,0,0,2,15.4,260,64.1,73.2,79.2,82.2,80.3,70.9,0,54,14.3,2,1,0,135.1,10,95,98,5,8,13,1,135,72,1.5,13.5

Ennis Rakestraw Jr.,124215,CB,MISSOURI,12,6,8.2,57.1,96.6,11.8,6.7,0,1,11,22.4,229,80.7,78.7,85.9,49.7,68.9,66.9,1,37,10.0,3,10,4,83.3,28,345,357,9,21,49,2,335,151,1.0,12.0

Ennis Rakestraw Jr.,124215,CB,MISSOURI,9,3,8.6,64.3,97.5,14.7,9.5,1,0,3,10.7,229,78.7,80.7,34.3,58.3,89,79.7,0,61,8.3,2,2,3,96.9,18,277,284,5,19,28,1,197,100,0.7,10.9

Decamerion Richardson,124183,CB,MISS STATE,12,8,10.5,64.2,99.3,9.2,5.9,1,0,7,10.4,227,86.5,86.4,86.3,74.8,72.8,90.3,0,48,5.3,3,2,5,90.1,43,421,424,18,46,67,2,396,149,1,9.2

Chau Smith-Wade,131956,CB,WASH STATE,7,3,14.2,50,98.4,12.4,6.2,0,2,9,23.7,341,76.3,73.7,86.2,54.4,60.8,48,0,50,17.2,5,7,0,84,19,245,249,7,21,38,1,287,86,1.2,15.1

Dadrion Taylor-Demerson,97348,S,TEXAS TECH,11,8,11.9,68.3,98.9,11.6,8.0,0,1,6,14.6,315,77.1,73.3,88.5,86.9,57.7,55.2,3,44,17.8,8,5,0,100.6,28,348,352,10,29,41,4,389,184,1.2,13.9

Ro Torrence,146653,CB,ARIZONA ST,12,2,11.6,62,96.9,11.6,7.2,0,0,5,10,110,71.1,73.1,86.2,71.9,73.7,70.9,1,43,14.3,4,3,3,102.6,31,380,392,6,22,50,4,366,126,1,11.8

Nate Wiggins,144143,CB,CLEMSON,11,1,12.1,53.1,99.5,15.0,7.9,1,3,7,14.3,140,73.7,73.0,85.8,66.8,60.8,56.3,0,54,16.0,4,7,5,89.3,26,410,412,6,20,49,2,346,90,0.9,13.3

James Williams,143955,S,MIAMI FL,11,5,6.5,62.9,96.4,15.0,9.5,1,1,6,17.1,220,88.5,73.5,0.0,56.4,61.1,63.3,1,19,13.9,5,5,6,105.6,22,344,357,7,26,35,5,197,109,0.6,9.0

James Williams,143955,S,MIAMI FL,12,3,11,56.7,94.7,23.5,13.3,1,1,3,10,220,85.6,74.3,0,54,64.8,67.1,1,34,11.9,5,3,5,82.5,17,426,450,9,34,30,2,179,75,0.4,10.5

